00100110111111000011101001111101100011111101100000101110000110100 101101101101010001101000100101110
10101001010110110111011101001010110111010101111111011111110001001 100001101011101101010111000011111
10101110111010101111001111110010110111010010110011111111111100010 100011000001011111110011111000111
11100110110110100101101100110100010110111001110110110101011000100 010000100111100000010000100101101
00100111110100010000010011010000010111100101100100011111001100100 100001100010101000100100000000100
01101100100011111010011110000011000110111001011010110111101111110 100010000010011001011111010000100
01001000010000111001011100001100110000000101101110100000001100111 000010001001111100110111010000001
01011000001001111001111110100110111011110000110010101011000100100 010001110011010001001010101110001
00000111110001100101010010010111001001110001110010001111101111010 001011101110001011100100010101000
00011011101100111101100011110001101110100000111100101000101110000 110101011100001100000001101010010
00011010101111101011010000110100110110110010101111000011110010010 111101011110101001110111111111010
01110011000011010001000001110001111110011011110110111110100110010 011011001100101011001111000010101
10101010011110100100101000011001001010010001011110010111010000111 110100111001000111100001010111010
11100100100110111100110011100011011101111011111001100001011010000 010111000101101000101110010010111
00000110010111111111000000111101000000101011111100001011011010110 000010010001111011111011101010000
01011110101010011110111101111010110010111100011110010011000101011 001010100111000110000010100100001
00100001010101000011101001001100110111000111000000000001011001110 111111011100010000111011101100110
11101010111000111111001111111110110101001101110010010111010010111 101111111100000010001011010010101
10001001100011011000101110100011001101001111011001000111111000101 101111101000001111010011100001100
01101111010010011000100001100001001111011010101110100100000000101 101011001111010100101100011001000
00101011111101011001010011101010100111110111000000011101111110011 110010110110010110110010111001000
11001111000001101101110111011010100110000111001100110000000110000 011001110111101000001101111100101
11001111100011001010111001000000100001011001101100111010010010010 010101010010011111101000100010011
00111000011100101001000100000011011001100000000011100011110111000 100111100111001101110100110111110
10110111010000110000101000111001000011011001111110010010001110111 110001001110001010011100011101010
11000100100101010110111000101010010010010011001101011110010110010 000011011100100011001100100000111
00011010101001101111100010110100010011101011010001100110010000110 011010010101101101011110111101110
10110110101110011111011101100101010011110001101000000000101010011 000001011101001111111000000011111
01100000111100110100001100111111010011111001001010100100100101111 101100001000010111100111110101110
10111100111110001110110001001001010011001101000001100000001101000 000010011100100101001100011111011
00001000011100110010011000101010100111011110010001000000000110100 101001100101011101100110010001000
11111011001011011001111100100101110000001101100001101101011000111 101111000000011000001100100010011
00000100011000000110011111100100100010011101001000101011110011010 100011100011001010010011101100010
10011001010111001110000101101101110100101100100100101100000101001 011011000010011000001101100000101
00111000001000000001100110101111000110101001110000101001100001011 010100101011110001000011001101010
01111000011000100010101011100111101010100011000101100010100111111 001000101001001110001101100001111
01001010100010000100000000110000001000010011011110000000101011101 011010111011111111000000110111110
00001011101101101110111011010100011111110100111100011100111111110 100010110000011000001011110100110
11011011100111001101111011010001100010101110111011011010111101000 011001101000101110111001110001011
00101110010011101011111000010101101110011100010011100001010100111 111010000001001110011111011010010
11011101010101100101100000000100100001011101011010011001011010000 011000110010110011110001011011001
00011110111000001001110000000000110010100100000110011010011111000 111010010010001000110110011111000
00100010011111010011000000000001011010001001000000001101110000110 100010110000110100111101110001000
01001100010100100001000111000101010010110000010000010010110001000 100101110101011000100100100010010
00001000000110111111111000010001000100011001111100000100100010001 000110011011101100000010100110100
11101100001111011011111111110010000001100001000011110001101100100 111100100100111010110001101001000
00110011011000100110000110101111001011100110111000001000001110001 011000011101000001101001111010000
10011101010010011101111000111110100001100000100100101101101011001 001000110101001100001011111010111
11111010000010111101010010010100000011101100010110111101010101101 000010001101000110010001111010111
10110000110011100111000111000101001001010010011110110111111100101 110101011111011000101001101110000
01101011000001010111101011110110110001010011100011101111110100000 001100000011111001101010110001101
10011110010010010110010111001010010100000011111100101011011011100 111011101000100010010001001110000
10110101100011111100110001011010011001000111110101110010011110001 000110100000110100111110110100111
01101101010011111111110111000100111100110100001000011110001100111 011000001001001000011011111110001
10111000110010001001100101001111111111111010100001111110011010110 101110000111000100010111101110101
01010001000100010010011111101001011011010000010011000001100011000 101111100001010111101001011101010
01010111110011110001010110010000000011101010110011111100100001001 011001100111110000010010000101010
00110010110111001111111010011010010010111110000111001010010110011 011111101011111011001000111101000
10011000010101110100110001110110110001110100011001101101111101100 010111111001110110111010011011001
00101010101111110101001101110110101101101101101100000110111010101 111000011001101001011010011000010
00010101010100000101111011011100000010100010010101010010010111010 000111110111010110110001001110010
10100000100111100100111111011110000001011101111110001101001011111 101001100111110111011101000011100
01110110000111100011110001100000111111001101011111101001000111110 011100101111011000100101011111111
11011100000000000101000111010011010111011010111101101111110111000 001110011010111111000001101011111
